    1;   3.663;   5.959;   11
    2;   3.302;   5.875;   12
    3;   2.868;   5.754;   13
    4;   2.760;   5.429;   14
    5;   2.652;   5.104;   15
    6;   0.352;   0.612;   16
    7;   0.352;   0.348;   17
    8;  13.321;   0.348;   18
    9;  13.321;   0.673;   19
   10;  11.828;   6.971;   20
   11;   6.301;   4.430;    1;   21
   12;   5.795;   4.418;    2;   22
   13;   4.988;   4.514;    3;   23
   14;   4.169;   4.586;    4;   24
   15;   3.964;   4.466;    5;   24
   16;   3.386;   0.600;    6;   26
   17;   3.796;   0.336;    7;   26
   18;   5.415;   0.323;    8;   26;   27
   19;   4.687;   0.637;    9;   28
   20;   9.769;   6.971;   10;   30
   21;   6.999;   4.045;   31;   11;   22
   22;   6.373;   4.237;   21;   23;   12
   23;   5.566;   4.334;   22;   24;   13
   24;   4.783;   4.382;   23;   15;   14
   25;   9.299;   2.720;   62
   26;   4.615;   0.348;   18;   17;   16
   27;   4.783;   0.492;   18;   28
   28;   4.061;   0.817;   29;   27;   19
   29;   3.194;   1.191;   74;   28;   82
   30;   8.528;   7.224;   40;   61;   20
   31;   9.287;   2.997;   21;   32
   32;  10.925;   2.985;   31;   33
   33;  12.189;   2.744;   34;   62;   32
   34;  13.490;   3.466;   33;   35
   35;  13.694;   4.261;   36;   47;   34
   36;  11.900;   6.007;   35;   37;   50
   37;  11.081;   6.044;   36;   38
   38;  10.262;   6.044;   39;   37;   87
   39;   6.493;   6.019;   38;   52;   88
   40;   2.435;   7.224;   30
   41;   0.641;   3.394;   40
   42;   2.435;   1.648;   41
   43;   3.266;   1.612;   42
   44;   4.061;   1.624;   43
   45;  10.961;   1.636;   44;   46
   46;  11.780;   1.648;   45;   79
   47;  13.706;   3.430;   46;   49
   48;   3.784;   1.901;   42
   49;  13.309;   2.419;   48
   50;  10.407;   5.622;   36
   51;   6.373;   5.598;   50
   52;   5.662;   6.019;   39
   53;   4.843;   6.031;   54;   52;   51
   54;   1.712;   4.875;   53
   55;   3.880;   2.720;   54
   56;   6.662;   3.442;   55
   57;   8.986;   3.755;   56
   58;  11.828;   3.755;   57
   59;  13.345;   5.285;   58
   60;  11.816;   7.224;   59
   61;   9.335;   7.236;   60
   62;  11.358;   2.732;   25;   33
   63;   4.988;   6.357;   64
   64;   1.291;   4.321;   65
   65;   3.988;   2.395;   66
   66;   6.794;   3.129;   67
   67;   8.998;   3.406;   68
   68;  11.828;   3.430;   69
   69;  13.875;   5.478;   70
   70;  11.816;   7.513;   71
   71;   8.167;   7.525;   72
   72;   2.447;   7.525;   73
   73;   0.388;   3.418;   74
   74;   2.459;   1.371;   29;   75
   75;   3.278;   1.383;   77
   76;   3.832;   1.504;   43
   77;   4.470;   1.371;   76;   78
   78;  10.551;   1.359;   77;   80;   79
   79;  11.166;   1.516;   46;   78
   80;  11.370;   1.335;   81
   81;  13.562;   2.058;   83
   82;  13.526;   1.841;   83
   83;  13.947;   3.105;   84
   84;  13.959;   4.285;   85
   85;  11.900;   6.357;   86;   87
   86;  10.828;   6.357;   89
   87;  10.937;   6.188;   38
   88;   5.855;   6.176;   63
   89;   5.951;   6.320;   63
