    0;   0.000;   0.000;   20;    1
    1;   0.000;   0.000;   14;    2;   23
    2;   0.000;   0.000;   18;    3;   12
    3;   0.000;   0.000;    4;   13
    4;   0.000;   0.000;    6;    5;   30
    5;   0.000;   0.000;    7;    6;   25
    6;   0.000;   0.000;    4;   26;    7
    7;   0.000;   0.000;    5;   16;    8
    8;   0.000;   0.000;   16;    9
    9;   0.000;   0.000;   25;   10
   10;   0.000;   0.000;   20;   11
   11;   0.000;   0.000;   17;   12
   12;   0.000;   0.000;    2;   13
   13;   0.000;   0.000;    3;   14
   14;   0.000;   0.000;    1;   18;   15
   15;   0.000;   0.000;   29;   16;   24
   16;   0.000;   0.000;    7;    8;   17
   17;   0.000;   0.000;   11;   22;   18
   18;   0.000;   0.000;    2;   14;   20
   19;   0.000;   0.000;   20
   20;   0.000;   0.000;    0;   10;   18
   21;   0.000;   0.000;   23;   22;   26
   22;   0.000;   0.000;   17;   25;   23
   23;   0.000;   0.000;   21;    1;   24
   24;   0.000;   0.000;   15;   25
   25;   0.000;   0.000;    9;   22;    5
   26;   0.000;   0.000;    6;   21;   27
   27;   0.000;   0.000;   31;   28;   29
   28;   0.000;   0.000;   31;   29
   29;   0.000;   0.000;   15;   27;   30
   30;   0.000;   0.000;    4;   31
   31;   0.000;   0.000;   27;   28
